
subj_codes_296 <- c(
   'ca_po_2002_05_25_700_f', 'gi_ba_2008_01_31_376_f',
   'il_fu_2002_12_30_306_f', 'ch_be_1990_12_20_153_f',
   'ca_fa_1996_03_26_092_f', 'em_or_2003_01_02_101_f',
   'au_ru_1998_09_21_806_f', 'fr_au_1987_12_16_221_f',
   'ch_na_2007_06_23_908_f', 'ch_ma_2001_10_27_332_f',
   'bi_di_2006_04_20_725_f', 'as_ga_2005_06_15_329_f',
   'sa_ta_2003_11_14_150_f', 'gi_to_1996_02_02_043_f',
   'ir_bo_1981_03_29_325_f', 'bi_an_2001_09_16_735_f',
   'fe_al_1988_05_06_180_f', 'da_de_1998_08_15_141_m',
   'cl_pu_2007_05_24_423_f', 'gr_bo_1996_07_31_547_f',
   'ma_za_2002_02_28_051_f', 'ma_ba_1995_05_25_321_f',
   'fr_la_2004_05_17_363_f', 'ar_ce_2005_04_20_937_f',
   'fe_sa_2002_05_09_008_f', 'am_gu_1999_02_11_937_f',
   'fr_bo_1993_09_09_170_f', 'be_ma_1999_06_15_475_f',
   'fe_ma_1998_06_29_257_f', 'ch_ri_1993_05_05_564_f',
   'lu_te_1990_10_28_496_f', 'gi_za_1992_09_07_575_f',
   'ir_ve_2004_02_09_500_f', 'an_de_1998_11_10_289_f',
   'ma_va_1998_07_04_538_f', 'ir_pi_2002_01_22_765_f',
   'el_ma_1986_06_14_839_f', 'em_gr_2002_08_25_628_f',
   'gi_ma_1999_09_26_585_f', 'so_be_2008_12_15_399_f',
   'al_ca_1996_03_27_621_f', 'al_zu_1997_04_02_880_f',
   'an_am_1996_05_12_176_f', 'ga_gi_2003_02_09_229_f',
   'ir_to_2007_08_01_838_f', 'ar_co_1996_12_27_348_f',
   'ch_ca_2000_09_26_406_f', 'em_al_1989_07_27_200_f',
   'ca_so_2001_01_09_118_f', 'gr_de_2002_09_21_426_f',
   'ch_pi_2004_02_25_126_f', 'ma_be_1997_09_01_726_f',
   'es_bo_2004_07_23_474_f', 'ra_al_2002_10_05_370_f',
   'em_bi_2007_12_28_766_f', 'cr_gi_1994_10_14_378_f',
   'ch_br_1993_10_04_623_f', 'he_ha_2006_04_21_874_f',
   'fr_ur_2001_10_13_549_m', 'ma_pe_2000_09_06_022_f',
   'ma_sp_2000_08_01_464_f', 'cl_pe_2001_09_26_424_f',
   'gr_po_2002_02_12_110_f', 'gi_po_1998_11_07_576_f',
   'co_pr_2002_03_03_902_f', 'il_in_1997_10_07_583_f',
   'ma_pa_2001_06_11_636_f', 'fr_se_2001_04_06_835_f',
   'sa_po_2001_07_11_268_f', 'el_ta_2000_01_02_570_f',
   'el_ma_2001_07_17_978_f', 'lu_le_2001_07_04_283_f',
   'el_me_1997_08_29_788_f', 'ma_ro_1996_10_30_794_f',
   'fr_as_1997_02_10_127_f', 'vi_te_2001_06_08_644_f',
   'ma_tr_1998_01_31_623_f', 'la_sc_2001_11_22_662_f',
   'vi_mi_2000_08_21_472_f', 'ni_os_2001_12_10_411_f',
   'sh_sa_2001_03_09_654_f', 'se_pi_2001_01_22_920_f',
   'ma_ca_1995_10_01_691_f', 'an_to_2000_11_30_575_f',
   'ma_tr_2001_05_08_242_m', 'gi_me_2001_03_31_627_f',
   'el_ri_2000_10_18_444_f', 'sa_st_2001_05_16_093_f',
   'sa_mu_1999_09_30_649_f', 'sa_la_1994_11_13_963_f',
   'va_se_1979_11_16_344_f', 'fe_ba_1993_05_15_800_m',
   'gi_si_2001_06_25_546_f', 'co_mi_2001_06_21_110_f',
   'el_nu_2001_02_09_373_f', 'ch_lo_2000_09_25_565_f',
   'ch_pr_1997_05_06_654_f', 'ca_ma_2001_08_12_569_f',
   'gi_sa_2000_07_05_104_f', 'al_zu_2001_03_12_239_f',
   'ma_in_1996_10_18_776_f', 'fe_de_1996_03_19_136_f',
   'gi_ma_1997_03_04_329_f', 'so_go_1997_05_16_135_f',
   'ma_sa_1998_07_05_475_f', 'ma_pi_2001_07_23_737_f',
   'ma_lu_2000_09_18_459_m', 'om_mo_2001_07_29_363_m',
   'va_st_2001_05_08_382_f', 'ga_fi_2000_12_23_825_f',
   'gi_sa_2001_05_25_391_f', 'ka_mo_1967_10_02_556_f',
   'ma_ma_2000_12_06_306_f', 'gi_ma_1998_10_27_642_f',
   'to_pi_2000_09_11_140_m', 'fr_ri_2001_05_04_243_f',
   'cr_ci_1999_08_21_931_f', 'ha_ri_2001_07_07_704_f',
   'ma_le_2002_01_02_264_f', 'ad_pi_1993_11_30_260_f',
   'ma_te_2001_05_31_333_m', 'ni_bi_1996_12_16_648_f',
   'em_di_1996_12_20_183_f', 'ma_ce_2002_04_17_755_f',
   'su_or_1993_01_13_765_f', 'al_an_1996_06_03_205_f',
   'ra_ma_2000_03_10_886_f', 'al_me_2001_06_24_456_f',
   'fe_te_2000_05_17_086_f', 'el_li_2001_03_18_661_f',
   'ga_me_1995_11_17_959_m', 'an_me_2001_08_15_795_f',
   'ma_ma_2001_02_16_676_m', 'ma_pi_1972_01_03_800_m',
   'as_mi_1999_03_27_854_f', 're_ve_2001_03_28_201_f',
   'el_ch_1994_09_27_944_f', 'lo_ol_2000_10_16_857_m',
   'gi_lo_2001_06_20_106_f', 'el_la_1999_06_15_464_f',
   'bi_ra_2000_09_28_341_f', 'vi_mi_2001_11_09_918_f',
   'si_sc_1992_12_23_119_f', 'cr_ri_2001_03_07_376_m',
   'ma_la_2001_09_12_609_f', 'al_la_2001_07_14_104_f',
   'ch_ca_1998_01_31_179_f', 'fe_fi_1994_02_11_491_f',
   'er_si_1999_05_21_883_m', 'ot_na_1999_03_18_271_f',
   'sa_or_1998_10_26_688_m', 'ma_ma_2001_07_10_611_f',
   'da_la_1984_03_20_853_m', 'ed_sc_2001_09_26_034_m',
   'so_mo_2001_10_27_943_f', 'el_ne_2001_09_06_773_f',
   'ca_ma_2000_10_22_906_f', 'mo_ru_2001_04_11_516_f',
   'fr_ta_1996_03_28_515_f', 'fr_ma_2001_02_09_923_f',
   'va_ve_1991_11_08_609_f', 'ar_lo_2001_11_02_365_f',
   'ir_ma_2001_08_24_646_f', 'ca_mi_2001_06_16_988_f',
   'li_va_2001_05_29_471_m', 'fe_as_2002_11_26_724_f',
   'li_li_2001_12_04_406_f', 'gi_fi_1996_03_09_339_f',
   'al_va_1999_01_05_941_f', 'ni_pa_1999_10_09_515_m',
   'ch_gr_1992_09_24_323_f', 'fr_ve_1994_12_22_243_f',
   'le_la_2001_11_11_647_f', 'fr_ma_1999_02_10_347_m',
   'an_zo_2000_10_06_213_m', 'ma_sc_1998_07_04_531_f',
   'ca_ma_2001_07_01_650_f', 'ar_ra_2001_03_03_362_f',
   'gi_ge_1992_09_10_458_f', 'ma_pu_2001_01_23_767_m',
   'an_re_2001_08_28_633_f', 'ma_ma_2001_12_21_380_f',
   'oa_sp_1989_01_05_303_f', 'ca_sg_2000_08_25_697_f',
   'ra_ca_1996_04_21_877_f', 'vi_ze_2001_01_02_521_f',
   'ed_pe_2000_05_12_894_m', 'da_pa_1998_10_13_366_m',
   'il_ma_2001_07_30_601_f', 'al_su_2001_03_07_759_f',
   'ch_ma_2001_09_16_817_f', 'ca_bu_1980_05_03_267_f',
   'ar_mo_1999_08_01_051_f', 'ca_ma_2000_05_05_905_f',
   'fe_ro_1999_10_25_558_f', 'fr_da_1994_04_19_591_f',
   'no_sp_2002_01_02_892_f', 'gi_sp_1995_10_16_533_f',
   'gi_pe_2001_08_20_230_f', 'gi_la_2001_03_04_275_f',
   'so_sa_2001_08_07_938_f', 'ar_cr_1996_08_05_738_f',
   'il_si_1995_11_28_393_f', 'el_ma_2001_12_21_179_f',
   'el_ot_2001_09_05_187_f', 'ga_lu_2000_03_17_328_f',
   'gi_po_2001_05_17_867_f', 'an_ma_2001_06_27_832_f',
   'gi_ma_2000_06_20_421_f', 'el_gi_1994_06_25_443_f',
   'gi_se_1999_07_09_402_f', 'so_ta_1996_08_06_280_f',
   'ma_pe_2000_11_24_865_f', 'da_sm_1992_04_23_239_m',
   'fr_pl_2002_02_14_755_f', 'gi_gi_1990_03_28_384_f',
   'ni_pr_1999_10_16_006_f', 'gu_ni_2001_08_11_035_m',
   'be_ba_1995_04_27_656_f', 'na_ge_1996_05_29_070_f',
   'la_sa_2001_11_15_307_f', 'ca_co_1995_11_12_414_f',
   'el_ma_2000_12_28_336_f', 'so_pu_2002_01_28_706_f',
   'al_or_2001_08_15_668_f', 'al_lo_2001_02_10_286_f',
   'ch_ma_2001_05_30_271_f', 'al_vi_1995_09_29_298_f',
   'so_sa_2001_06_25_188_f', 'gi_lu_2001_07_05_641_f',
   'ca_sa_2001_06_01_608_f', 'gi_ga_2001_07_20_277_f',
   'ri_pe_1998_08_08_806_m', 'gi_to_1997_07_30_762_f',
   'so_lu_2001_04_19_331_f', 'ni_st_1997_01_23_081_f',
   'pa_pi_2001_09_28_281_f', 'mi_pr_1997_07_03_575_f',
   'to_zo_2001_01_30_089_m', 'do_za_2002_03_14_283_f',
   'al_pa_2000_12_20_624_f', 'ch_tr_2000_07_13_202_f',
   'el_pa_2000_09_28_331_f', 'al_ma_2001_03_01_678_f',
   'ga_gi_1992_02_10_570_f', 'ro_pi_2000_09_30_791_f',
   'zo_me_2000_05_18_333_f', 'ca_va_2001_08_28_797_f',
   'an_ol_2000_03_06_615_f', 'la_or_2001_09_18_400_f',
   'ar_in_1992_07_31_124_f', 'ya_su_2001_12_07_885_f',
   'cl_lo_1967_10_22_485_m', 'ba_pa_2000_01_08_543_f',
   'gi_pe_2001_04_16_383_f', 'ta_bu_1994_11_13_491_f',
   'ch_ca_1996_06_12_984_f', 'an_mu_2001_12_02_898_m',
   'ch_ma_2001_05_18_227_f', 'cr_la_1997_12_18_107_f',
   'sa_pa_2001_05_14_311_f', 'al_mu_2001_06_18_052_f',
   'ir_da_1999_01_23_879_f', 'gi_pu_2001_12_03_618_f',
   'ch_ma_1995_08_28_639_f', 'so_ia_2000_03_21_569_f',
   'em_se_2000_01_11_294_m', 'fr_tr_1997_09_19_223_f',
   'ma_ma_2001_07_19_089_m', 'ag_no_2000_02_12_330_f',
   'em_sa_2001_09_21_707_f', 'ma_ta_2001_05_23_401_f',
   'fr_ba_1997_10_29_663_f', 'co_pa_2000_04_02_099_m',
   'gi_gi_1993_06_23_188_f', 'fe_mi_2001_10_29_323_m',
   'an_ma_1995_01_07_728_f', 'gi_va_1992_04_14_174_f',
   'ch_pi_2001_10_08_418_f', 'cr_pa_1969_04_12_179_f',
   'gi_pr_2000_03_11_167_f', 'sa_st_1998_04_21_184_f',
   'lo_ma_2001_04_07_103_m', 'so_pr_2001_09_13_939_f',
   'el_mi_1996_12_11_513_f', 'fr_di_2001_07_01_522_f',
   'pa_pe_1994_12_31_482_f', 'gi_ma_2001_05_02_922_f',
   'ir_bo_1995_04_03_290_f', 'va_ve_1996_10_09_866_f',
